Sample	2.0	3.0	4.0	5.0	6.0	7.0	8.0	9.0	10.0	11.0	12.0	13.0	14.0	15.0	16.0	17.0	18.0	19.0	20.0	21.0	22.0	23.0	24.0	25.0	26.0	27.0	28.0	29.0	30.0	31.0	32.0	33.0	34.0	35.0	36.0	37.0	38.0	39.0	40.0
C-215_1	969521.0	0.0	0.0	0.0	0.0	0.0	0.0	0.0	0.0	1.0	48.0	1408.0	12594.0	51432.0	97142.0	108841.0	98486.0	99654.0	105930.0	126017.0	142827.0	178311.0	204646.0	245214.0	280302.0	316676.0	362040.0	406625.0	470732.0	527615.0	647545.0	757080.0	1032964.0	1369436.0	2075618.0	3401670.0	6090516.0	38938571.0	46314509.0
C-215_2	591565.0	0.0	0.0	0.0	0.0	0.0	0.0	0.0	0.0	3.0	60.0	1354.0	11860.0	48042.0	90380.0	98047.0	89170.0	90336.0	97825.0	117647.0	134236.0	168712.0	195446.0	234845.0	270047.0	305917.0	352057.0	396795.0	465880.0	519422.0	635811.0	749659.0	1024729.0	1366715.0	2072597.0	3400674.0	6085888.0	38150837.0	46526755.0
C-215_3	728379.0	0.0	0.0	0.0	0.0	0.0	0.0	0.0	0.0	3.0	49.0	1348.0	11540.0	47151.0	89519.0	98831.0	88684.0	87897.0	92718.0	109976.0	125442.0	157081.0	179592.0	214396.0	247897.0	278680.0	325124.0	368051.0	422978.0	468322.0	573869.0	675919.0	924123.0	1222686.0	1853798.0	3053334.0	5468190.0	34968098.0	42651009.0
C-354_1	1440093.0	0.0	0.0	0.0	0.0	0.0	0.0	0.0	1.0	0.0	62.0	1439.0	13869.0	56243.0	103852.0	111870.0	99104.0	98347.0	103938.0	121281.0	137579.0	170730.0	199395.0	237961.0	279673.0	314661.0	367850.0	409814.0	486753.0	551029.0	681424.0	807741.0	1119744.0	1518476.0	2313708.0	3794296.0	6816062.0	41585363.0	47369347.0
C-354_2	489542.0	0.0	0.0	0.0	0.0	0.0	0.0	0.0	0.0	3.0	50.0	1077.0	9321.0	39290.0	76635.0	85511.0	77648.0	78259.0	84672.0	101387.0	116574.0	147708.0	170944.0	206397.0	236865.0	270731.0	310598.0	347901.0	406271.0	457416.0	562247.0	657074.0	902270.0	1197516.0	1820634.0	2981817.0	5315474.0	35839759.0	43827104.0
C-354_3	1016130.0	0.0	0.0	0.0	0.0	0.0	0.0	0.0	0.0	2.0	55.0	1498.0	12964.0	54393.0	104173.0	113977.0	100696.0	97685.0	104753.0	124399.0	142483.0	179695.0	208684.0	251021.0	290596.0	329133.0	377916.0	423646.0	499897.0	562999.0	685911.0	807491.0	1106821.0	1471883.0	2236355.0	3665642.0	6544888.0	42602180.0	53243408.0
P29-215_1	190404.0	0.0	0.0	0.0	0.0	0.0	0.0	0.0	0.0	1.0	47.0	895.0	7475.0	31759.0	61018.0	69490.0	64775.0	67893.0	73854.0	89062.0	102947.0	128480.0	149435.0	179645.0	207752.0	234223.0	270536.0	302086.0	353944.0	400370.0	491909.0	577040.0	791582.0	1052871.0	1600772.0	2637744.0	4705806.0	30379093.0	38735448.0
P29-215_2	1429042.0	0.0	0.0	0.0	0.0	0.0	0.0	0.0	0.0	5.0	82.0	2061.0	17345.0	68311.0	124539.0	132245.0	113392.0	108657.0	111781.0	130186.0	144805.0	179352.0	206495.0	244818.0	279593.0	314923.0	361345.0	402803.0	474268.0	533260.0	648200.0	756869.0	1033584.0	1374587.0	2075441.0	3396729.0	6062238.0	38284145.0	45466632.0
P29-215_3	911500.0	0.0	0.0	0.0	0.0	0.0	0.0	0.0	0.0	4.0	71.0	1397.0	11671.0	47229.0	90276.0	101170.0	92528.0	93083.0	99260.0	119433.0	134672.0	169429.0	195115.0	231454.0	267774.0	300947.0	346474.0	387898.0	447602.0	502924.0	615609.0	722857.0	991362.0	1316845.0	1995788.0	3292274.0	5961647.0	38406013.0	46287265.0
P29-354_1	1319371.0	0.0	0.0	0.0	0.0	0.0	0.0	0.0	0.0	1.0	77.0	1533.0	13258.0	54640.0	103396.0	112593.0	99178.0	98914.0	105896.0	127561.0	144011.0	181585.0	209966.0	251778.0	291417.0	329285.0	379489.0	425641.0	502500.0	563315.0	694026.0	813188.0	1119374.0	1489430.0	2266970.0	3731322.0	6648202.0	42269183.0	51339956.0
P29-354_2	735502.0	0.0	0.0	0.0	0.0	0.0	0.0	0.0	0.0	0.0	71.0	1655.0	13964.0	56002.0	104683.0	114025.0	99991.0	97990.0	102013.0	118915.0	132146.0	165832.0	189650.0	224611.0	255837.0	288435.0	328189.0	365547.0	427567.0	480700.0	585735.0	685414.0	935172.0	1235453.0	1867025.0	3053399.0	5469234.0	34852352.0	43184194.0
P29-354_3	1322685.0	0.0	0.0	0.0	0.0	0.0	0.0	0.0	1.0	3.0	61.0	1606.0	13438.0	54791.0	102873.0	110805.0	96802.0	95184.0	99478.0	116314.0	130033.0	161173.0	184980.0	218686.0	249294.0	280366.0	320869.0	359369.0	422955.0	474513.0	572676.0	666172.0	903276.0	1196982.0	1801066.0	2924300.0	5286948.0	33853438.0	40432342.0
Q2-215_1	2739925.0	0.0	0.0	0.0	0.0	0.0	0.0	0.0	1.0	3.0	73.0	1862.0	15630.0	61171.0	114722.0	124902.0	111237.0	109209.0	114127.0	133040.0	149441.0	183735.0	211917.0	249961.0	287491.0	323140.0	369214.0	414372.0	495605.0	555148.0	664088.0	772227.0	1048573.0	1388699.0	2095319.0	3417975.0	6086756.0	37984894.0	47510950.0
Q2-215_2	2010457.0	0.0	0.0	0.0	0.0	0.0	0.0	0.0	0.0	6.0	71.0	1533.0	12724.0	49341.0	93064.0	102206.0	93414.0	95055.0	100716.0	118656.0	134284.0	168296.0	194521.0	232313.0	266578.0	300510.0	344548.0	386784.0	455224.0	507973.0	619184.0	728686.0	997034.0	1329450.0	2015861.0	3307940.0	5991490.0	37477369.0	44006866.0
Q2-215_3	1524935.0	0.0	0.0	0.0	0.0	0.0	0.0	0.0	0.0	3.0	71.0	1445.0	12638.0	51660.0	98008.0	108377.0	99696.0	100510.0	107587.0	128078.0	146222.0	182984.0	214251.0	255021.0	297335.0	335217.0	391267.0	439243.0	509904.0	570217.0	702949.0	826852.0	1138870.0	1529520.0	2317620.0	3789866.0	6748786.0	42240113.0	48965880.0
Q2-354_1	242945.0	0.0	0.0	0.0	0.0	0.0	0.0	0.0	0.0	2.0	31.0	1008.0	9374.0	38131.0	72053.0	80187.0	73988.0	76085.0	81821.0	98563.0	111770.0	141738.0	163888.0	196930.0	226861.0	254539.0	291895.0	325879.0	380670.0	426923.0	520246.0	607592.0	830890.0	1099753.0	1666442.0	2720323.0	4843609.0	31023324.0	39670535.0
Q2-354_2	7332579.0	0.0	0.0	0.0	0.0	0.0	0.0	0.0	0.0	2.0	115.0	2295.0	19674.0	72124.0	131189.0	144309.0	128701.0	125305.0	129083.0	148702.0	166001.0	204427.0	232169.0	274192.0	312753.0	350433.0	403755.0	458487.0	534536.0	582693.0	700679.0	817288.0	1111559.0	1462777.0	2205888.0	3586596.0	6391784.0	41977211.0	50972364.0
Q2-354_3	584108.0	0.0	0.0	0.0	0.0	0.0	0.0	0.0	1.0	4.0	34.0	977.0	8067.0	33026.0	62737.0	71172.0	66598.0	68283.0	72116.0	85877.0	98276.0	123873.0	144292.0	172897.0	199144.0	225437.0	260105.0	290999.0	341196.0	385495.0	476257.0	558038.0	770844.0	1031705.0	1566910.0	2569045.0	4532620.0	28958366.0	37450164.0
