Sample	Custom content: DupRadar_mqc-generalstats-custom_content_dupradar-dupRadar_intercept	Picard: Mark Duplicates_mqc-generalstats-picard_mark_duplicates-PERCENT_DUPLICATION	QualiMap_mqc-generalstats-qualimap-5_3_bias	QualiMap_mqc-generalstats-qualimap-reads_aligned	Samtools_mqc-generalstats-samtools-error_rate	Samtools_mqc-generalstats-samtools-non_primary_alignments	Samtools_mqc-generalstats-samtools-reads_mapped	Samtools_mqc-generalstats-samtools-reads_mapped_percent	Samtools_mqc-generalstats-samtools-reads_properly_paired_percent	Samtools_mqc-generalstats-samtools-reads_MQ0_percent	Samtools_mqc-generalstats-samtools-raw_total_sequences	Samtools_mqc-generalstats-samtools-flagstat_total	Samtools_mqc-generalstats-samtools-mapped_passed	Samtools_mqc-generalstats-samtools-mapped_passed_pct	STAR_mqc-generalstats-star-uniquely_mapped_percent	STAR_mqc-generalstats-star-uniquely_mapped	FastQC (raw)_mqc-generalstats-fastqc_raw-percent_duplicates	FastQC (raw)_mqc-generalstats-fastqc_raw-percent_gc	FastQC (raw)_mqc-generalstats-fastqc_raw-avg_sequence_length	FastQC (raw)_mqc-generalstats-fastqc_raw-median_sequence_length	FastQC (raw)_mqc-generalstats-fastqc_raw-percent_fails	FastQC (raw)_mqc-generalstats-fastqc_raw-total_sequences	Cutadapt_mqc-generalstats-cutadapt-percent_trimmed	FastQC (trimmed)_mqc-generalstats-fastqc_trimmed-percent_duplicates	FastQC (trimmed)_mqc-generalstats-fastqc_trimmed-percent_gc	FastQC (trimmed)_mqc-generalstats-fastqc_trimmed-avg_sequence_length	FastQC (trimmed)_mqc-generalstats-fastqc_trimmed-median_sequence_length	FastQC (trimmed)_mqc-generalstats-fastqc_trimmed-percent_fails	FastQC (trimmed)_mqc-generalstats-fastqc_trimmed-total_sequences
C-215_1	0.174851558470156	0.835341	1.31	102771930.0	0.00207938	24632712.0	102771930.0	100.0	0.0	2.6085576090669895	102771930.0	127404642	127404642	100.0	90.93	94843283.0	76.50978755297638	51.0	97.90002630176947	100	18.181818181818183	105433971.0	0.8623754269198245	75.58599601222656	51.0	98.05468933663487	100	18.181818181818183	104300808.0
C-215_2	0.26414825746382	0.852414	1.31	101782221.0	0.002050724	26645098.0	101782221.0	100.0	0.0	2.9082937775547264	101782221.0	128427319	128427319	100.0	90.28	93477377.0	78.23006334143042	52.0	98.08406577484149	100	18.181818181818183	104293311.0	0.7249757847950472	77.40017224686675	52.0	98.01931896394021	100	18.181818181818183	103544062.0
C-215_3	0.177545475870809	0.824854	1.39	93150812.0	0.00202549	36518085.0	93150812.0	100.0	0.0	4.804915710235569	93150812.0	129668897	129668897	100.0	88.38	83639885.0	76.32598055682939	51.0	98.19328649268364	100	18.181818181818183	95534684.0	0.8358609425359755	75.54506116060168	51.0	98.24362499273641	100	18.181818181818183	94632951.0
C-354_1	0.233902474595369	0.851124	1.33	108002576.0	0.002093049	31330074.0	108002576.0	100.0	0.0	3.292437210016176	108002576.0	139332650	139332650	100.0	89.95	98671980.0	78.31433872868105	52.0	97.42863259528725	100	27.27272727272727	111311705.0	0.9908336127464725	77.26819514248683	52.0	97.83221639713133	100	18.181818181818183	109695761.0
C-354_2	0.115066772081488	0.834544	1.3	94978916.0	0.001971494	25314764.0	94978916.0	100.0	0.0	2.9338353366761947	94978916.0	120293680	120293680	100.0	90.53	87088677.0	76.30572619935064	50.0	98.60197731440194	100	18.181818181818183	96818695.0	0.6576180274011781	75.73346497626426	50.0	98.52350786108103	100	18.181818181818183	96203308.0
C-354_3	0.2498361314153	0.861963	1.37	113987646.0	0.002001021	29356949.0	113987646.0	100.0	0.0	2.7854413275628134	113987646.0	143344595	143344595	100.0	90.04	104600193.0	79.71192304612816	51.0	98.16632445015513	100	18.181818181818183	117361374.0	0.812774469359939	79.00226447642552	51.0	98.31135210976946	100	18.181818181818183	116170679.0
P29-215_1	0.0721000706900634	0.795174	1.3	82784543.0	0.002002522	26247649.0	82784543.0	100.0	0.0	3.8024731259312503	82784543.0	109032192	109032192	100.0	90.3	75546841.0	71.89837086637677	51.0	98.8739820012674	100	18.181818181818183	83958356.0	0.5705416941002718	71.4303656345303	51.0	98.59482438185965	100	18.181818181818183	83663282.0
P29-215_2	0.330987263533416	0.85962	1.32	100392659.0	0.002111905	26269005.0	100392659.0	100.0	0.0	2.875449289574051	100392659.0	126661664	126661664	100.0	89.45	91987408.0	79.5493299271613	51.0	97.6013824304553	100	27.27272727272727	104477733.0	1.0778496917908766	78.71539361692007	51.0	98.03697323735588	100	18.181818181818183	102836924.0
P29-215_3	0.261581958192493	0.840976	1.3	100861123.0	0.002061766	29193708.0	100861123.0	100.0	0.0	3.2886268775730363	100861123.0	130054831	130054831	100.0	89.33	92076267.0	77.55188072931334	51.0	97.96235649258642	100	18.181818181818183	104141571.0	0.8292032192577651	76.68024803694865	51.0	98.09973667866167	100	18.181818181818183	103075961.0
P29-354_1	0.22362326732754	0.865877	1.36	112316246.0	0.002009828	32789004.0	112316246.0	100.0	0.0	3.3230704665823683	112316246.0	145105250	145105250	100.0	89.84	102593312.0	79.89680489521936	52.0	98.12083896404106	100	27.27272727272727	115687056.0	0.9208650111362293	79.16421824539114	52.0	98.43400930793858	100	18.181818181818183	114193491.0
P29-354_2	0.207333782230824	0.850474	1.36	93467385.0	0.002093635	29303147.0	93467385.0	100.0	0.0	3.628212129824751	93467385.0	122770532	122770532	100.0	89.23	85002769.0	78.2691696130268	52.0	98.21302130012734	100	18.181818181818183	96171303.0	0.8296058849312239	77.55540764220277	52.0	98.26350888983238	100	18.181818181818183	95267488.0
P29-354_3	0.404532686983702	0.85976	1.41	80647108.0	0.002026384	19589849.0	80647108.0	100.0	0.0	2.56020835861839	80647108.0	100236957	100236957	100.0	81.48	74102668.0	79.68354484818525	52.0	96.97897676733182	100	27.27272727272727	92453479.0	1.128366158809779	78.6642132825775	52.0	97.42811244744982	100	18.181818181818183	90941182.0
Q2-215_1	0.453205596303132	0.856418	1.42	101460879.0	0.002144513	41146351.0	101460879.0	100.0	0.0	5.048487703324549	101460879.0	142607230	142607230	100.0	86.98	91110624.0	80.06236169485359	51.0	96.37627763359171	100	36.36363636363637	107735407.0	1.5407768719841828	78.77914920221636	51.0	97.55743266862005	100	18.181818181818183	104746665.0
Q2-215_2	0.305082971418884	0.857898	1.4	97683403.0	0.002060183	31006375.0	97683403.0	100.0	0.0	3.669258942586183	97683403.0	128689778	128689778	100.0	88.7	88669357.0	79.78166418719827	51.0	97.15207157272206	100	27.27272727272727	102142154.0	1.2420196013264546	78.7387623121751	51.0	97.98659481886614	100	18.181818181818183	99967616.0
Q2-215_3	0.425122606844462	0.866469	1.36	109294888.0	0.002123407	38280842.0	109294888.0	100.0	0.0	4.133825545436307	109294888.0	147575730	147575730	100.0	87.93	98606830.0	80.82091416133247	51.0	97.42070869601979	100	27.27272727272727	113835125.0	1.0015496325395805	79.93010807833639	51.0	97.85595787116955	100	18.181818181818183	112137554.0
Q2-354_1	0.102960104054953	0.841202	1.44	84843777.0	0.002045281	32024889.0	84843777.0	100.0	0.0	4.443282858564865	84843777.0	116868666	116868666	100.0	88.6	76126830.0	76.94906112786734	51.0	98.81054447313014	100	18.181818181818183	86277995.0	0.6012686109439265	76.41480737009829	51.0	98.56587756568253	100	18.181818181818183	85918999.0
Q2-354_2	1.35491429939457	0.936582	1.41	104347969.0	0.002163729	34223243.0	104347969.0	100.0	0.0	3.4864195583912134	104347969.0	138571212	138571212	100.0	82.29	93290354.0	89.78968986265386	52.0	94.31005895453343	100	27.27272727272727	120979670.0	2.840341431860885	88.81022538449403	52.0	97.7672786446104	100	18.181818181818183	113371624.0
Q2-354_3	0.0988180704603468	0.79624	1.37	79638741.0	0.002132403	21736290.0	79638741.0	100.0	0.0	2.9896655448131706	79638741.0	101375031	101375031	100.0	90.54	72904004.0	72.37161300235178	51.0	98.50832884664041	100	18.181818181818183	81208663.0	0.7462236262610554	71.6089887417092	51.0	98.5534421191722	100	18.181818181818183	80519365.0
