	12.0	13.0	14.0	15.0	16.0	17.0	18.0	19.0	20.0	21.0	22.0	23.0	24.0	25.0	26.0	27.0	28.0	29.0	30.0	31.0	32.0	33.0	34.0	35.0	36.0	37.0	38.0	39.0	40.0
C-215_1	13.0	414.0	4733.0	21494.0	46063.0	57876.0	55836.0	61016.0	73463.0	96093.0	120941.0	163038.0	198100.0	246080.0	287353.0	327882.0	370461.0	416772.0	476302.0	536911.0	656269.0	764290.0	1039923.0	1392729.0	2079995.0	3399745.0	6096328.0	38894909.0	46415779.0
	12.0	13.0	14.0	15.0	16.0	17.0	18.0	19.0	20.0	21.0	22.0	23.0	24.0	25.0	26.0	27.0	28.0	29.0	30.0	31.0	32.0	33.0	34.0	35.0	36.0	37.0	38.0	39.0	40.0
C-215_2	11.0	383.0	4355.0	20064.0	42681.0	52310.0	50603.0	54975.0	67360.0	89349.0	113297.0	154219.0	189174.0	234974.0	276039.0	316440.0	359328.0	405453.0	467088.0	525441.0	645278.0	755938.0	1030205.0	1390128.0	2075370.0	3397769.0	6090604.0	38105321.0	46629905.0
	12.0	13.0	14.0	15.0	16.0	17.0	18.0	19.0	20.0	21.0	22.0	23.0	24.0	25.0	26.0	27.0	28.0	29.0	30.0	31.0	32.0	33.0	34.0	35.0	36.0	37.0	38.0	39.0	40.0
C-215_3	14.0	352.0	4240.0	19944.0	42413.0	52955.0	50823.0	53570.0	63644.0	83220.0	104948.0	141214.0	171625.0	212241.0	249739.0	284538.0	325815.0	366768.0	422801.0	476594.0	583273.0	683699.0	930964.0	1245724.0	1859662.0	3052475.0	5475056.0	34933234.0	42741406.0
	12.0	13.0	14.0	15.0	16.0	17.0	18.0	19.0	20.0	21.0	22.0	23.0	24.0	25.0	26.0	27.0	28.0	29.0	30.0	31.0	32.0	33.0	34.0	35.0	36.0	37.0	38.0	39.0	40.0
C-354_1	12.0	377.0	4995.0	23137.0	48516.0	58565.0	55009.0	58630.0	70589.0	91574.0	115320.0	155719.0	192908.0	239851.0	287183.0	328463.0	377616.0	423699.0	494139.0	556748.0	687357.0	813036.0	1124752.0	1541700.0	2316716.0	3791585.0	6824795.0	41536393.0	47476377.0
	12.0	13.0	14.0	15.0	16.0	17.0	18.0	19.0	20.0	21.0	22.0	23.0	24.0	25.0	26.0	27.0	28.0	29.0	30.0	31.0	32.0	33.0	34.0	35.0	36.0	37.0	38.0	39.0	40.0
C-354_2	11.0	294.0	3447.0	16712.0	36574.0	46633.0	45094.0	48461.0	59063.0	77749.0	99109.0	135169.0	165310.0	205816.0	241524.0	279285.0	317596.0	357579.0	411521.0	463423.0	568609.0	662722.0	907969.0	1217538.0	1823557.0	2980981.0	5321859.0	35794569.0	43915134.0
	11.0	12.0	13.0	14.0	15.0	16.0	17.0	18.0	19.0	20.0	21.0	22.0	23.0	24.0	25.0	26.0	27.0	28.0	29.0	30.0	31.0	32.0	33.0	34.0	35.0	36.0	37.0	38.0	39.0	40.0
C-354_3	1.0	10.0	393.0	4765.0	23095.0	49790.0	61922.0	57832.0	60296.0	72553.0	94597.0	120585.0	163741.0	200784.0	250625.0	295803.0	339626.0	385857.0	435196.0	503722.0	568902.0	694545.0	814396.0	1113154.0	1497307.0	2240224.0	3664853.0	6552949.0	42551544.0	53351612.0
	12.0	13.0	14.0	15.0	16.0	17.0	18.0	19.0	20.0	21.0	22.0	23.0	24.0	25.0	26.0	27.0	28.0	29.0	30.0	31.0	32.0	33.0	34.0	35.0	36.0	37.0	38.0	39.0	40.0
P29-215_1	14.0	230.0	2652.0	13372.0	28902.0	37411.0	37129.0	41533.0	50991.0	67325.0	86066.0	116647.0	143436.0	178718.0	211562.0	241370.0	276616.0	311087.0	359764.0	406374.0	497990.0	581943.0	795215.0	1071296.0	1603706.0	2636474.0	4710696.0	30337438.0	38817325.0
	12.0	13.0	14.0	15.0	16.0	17.0	18.0	19.0	20.0	21.0	22.0	23.0	24.0	25.0	26.0	27.0	28.0	29.0	30.0	31.0	32.0	33.0	34.0	35.0	36.0	37.0	38.0	39.0	40.0
P29-215_2	21.0	568.0	6192.0	28315.0	57958.0	70631.0	63968.0	65658.0	76756.0	99331.0	122823.0	165169.0	200913.0	247126.0	288001.0	328039.0	371628.0	416025.0	479441.0	538105.0	655665.0	763888.0	1041000.0	1398394.0	2080190.0	3394428.0	6067967.0	38239729.0	45568995.0
	12.0	13.0	14.0	15.0	16.0	17.0	18.0	19.0	20.0	21.0	22.0	23.0	24.0	25.0	26.0	27.0	28.0	29.0	30.0	31.0	32.0	33.0	34.0	35.0	36.0	37.0	38.0	39.0	40.0
P29-215_3	18.0	408.0	4292.0	19869.0	43001.0	54398.0	52792.0	56981.0	68326.0	90758.0	113804.0	154512.0	188481.0	231549.0	273414.0	311036.0	352326.0	395439.0	453592.0	512116.0	624780.0	730218.0	997562.0	1339190.0	2000440.0	3290731.0	5968129.0	38361980.0	46385819.0
	12.0	13.0	14.0	15.0	16.0	17.0	18.0	19.0	20.0	21.0	22.0	23.0	24.0	25.0	26.0	27.0	28.0	29.0	30.0	31.0	32.0	33.0	34.0	35.0	36.0	37.0	38.0	39.0	40.0
P29-354_1	9.0	410.0	4743.0	22885.0	49320.0	60742.0	56764.0	60201.0	73277.0	96589.0	121411.0	165993.0	203444.0	252595.0	297676.0	340658.0	388523.0	437519.0	506839.0	569252.0	702024.0	820274.0	1126052.0	1514214.0	2270237.0	3728733.0	6654487.0	42217304.0	51451316.0
	12.0	13.0	14.0	15.0	16.0	17.0	18.0	19.0	20.0	21.0	22.0	23.0	24.0	25.0	26.0	27.0	28.0	29.0	30.0	31.0	32.0	33.0	34.0	35.0	36.0	37.0	38.0	39.0	40.0
P29-354_2	18.0	454.0	5152.0	23281.0	49160.0	60615.0	56705.0	59635.0	70352.0	90965.0	113107.0	152551.0	184383.0	226786.0	263885.0	300570.0	338191.0	378930.0	436169.0	488798.0	593555.0	691395.0	939809.0	1255668.0	1870316.0	3052179.0	5475029.0	34812823.0	43277007.0
	12.0	13.0	14.0	15.0	16.0	17.0	18.0	19.0	20.0	21.0	22.0	23.0	24.0	25.0	26.0	27.0	28.0	29.0	30.0	31.0	32.0	33.0	34.0	35.0	36.0	37.0	38.0	39.0	40.0
P29-354_3	12.0	415.0	4856.0	22644.0	48205.0	58856.0	54704.0	57178.0	67588.0	87702.0	109797.0	147010.0	178892.0	219134.0	254948.0	290537.0	327959.0	366399.0	420157.0	471398.0	572600.0	667175.0	902821.0	1208817.0	1794350.0	2916081.0	5294588.0	33827130.0	40569229.0
	11.0	12.0	13.0	14.0	15.0	16.0	17.0	18.0	19.0	20.0	21.0	22.0	23.0	24.0	25.0	26.0	27.0	28.0	29.0	30.0	31.0	32.0	33.0	34.0	35.0	36.0	37.0	38.0	39.0	40.0
Q2-215_1	1.0	16.0	494.0	5504.0	25275.0	53494.0	66188.0	62682.0	65820.0	77747.0	100201.0	125012.0	166910.0	202946.0	248527.0	291906.0	332454.0	376206.0	422796.0	487983.0	547773.0	666279.0	778736.0	1053321.0	1412192.0	2100941.0	3417353.0	6096907.0	37951155.0	47609846.0
	11.0	12.0	13.0	14.0	15.0	16.0	17.0	18.0	19.0	20.0	21.0	22.0	23.0	24.0	25.0	26.0	27.0	28.0	29.0	30.0	31.0	32.0	33.0	34.0	35.0	36.0	37.0	38.0	39.0	40.0
Q2-215_2	1.0	18.0	428.0	4522.0	20298.0	43843.0	54155.0	52891.0	57445.0	69103.0	89786.0	113142.0	153541.0	187868.0	232578.0	272898.0	312257.0	352478.0	396739.0	457376.0	514222.0	628479.0	736369.0	1003464.0	1351246.0	2019870.0	3305777.0	5998476.0	37434545.0	44103801.0
	11.0	12.0	13.0	14.0	15.0	16.0	17.0	18.0	19.0	20.0	21.0	22.0	23.0	24.0	25.0	26.0	27.0	28.0	29.0	30.0	31.0	32.0	33.0	34.0	35.0	36.0	37.0	38.0	39.0	40.0
Q2-215_3	1.0	16.0	375.0	4599.0	21643.0	46509.0	57952.0	56472.0	60903.0	73334.0	96141.0	121858.0	165578.0	205007.0	254367.0	302491.0	346251.0	397273.0	446723.0	515399.0	580514.0	713664.0	835350.0	1146342.0	1553614.0	2322666.0	3788813.0	6757709.0	42192930.0	49073060.0
	12.0	13.0	14.0	15.0	16.0	17.0	18.0	19.0	20.0	21.0	22.0	23.0	24.0	25.0	26.0	27.0	28.0	29.0	30.0	31.0	32.0	33.0	34.0	35.0	36.0	37.0	38.0	39.0	40.0
Q2-354_1	9.0	279.0	3505.0	15988.0	34490.0	43335.0	42379.0	46860.0	56838.0	74893.0	94624.0	129315.0	158363.0	197094.0	231748.0	264105.0	299281.0	336253.0	386015.0	434381.0	527817.0	613749.0	835878.0	1118150.0	1668556.0	2718239.0	4848550.0	30982899.0	39755406.0
	12.0	13.0	14.0	15.0	16.0	17.0	18.0	19.0	20.0	21.0	22.0	23.0	24.0	25.0	26.0	27.0	28.0	29.0	30.0	31.0	32.0	33.0	34.0	35.0	36.0	37.0	38.0	39.0	40.0
Q2-354_2	23.0	571.0	6739.0	29262.0	61001.0	76636.0	72222.0	75380.0	87693.0	112906.0	140993.0	187831.0	226100.0	275553.0	320754.0	363158.0	410783.0	460016.0	524401.0	585130.0	709454.0	825895.0	1117089.0	1486375.0	2210894.0	3586251.0	6401494.0	41939272.0	51077748.0
	11.0	12.0	13.0	14.0	15.0	16.0	17.0	18.0	19.0	20.0	21.0	22.0	23.0	24.0	25.0	26.0	27.0	28.0	29.0	30.0	31.0	32.0	33.0	34.0	35.0	36.0	37.0	38.0	39.0	40.0
Q2-354_3	1.0	12.0	251.0	2962.0	13892.0	29847.0	38496.0	37661.0	42029.0	49794.0	64977.0	82654.0	112478.0	138293.0	172284.0	202962.0	232767.0	266012.0	299869.0	346153.0	390145.0	481610.0	562236.0	775170.0	1048140.0	1569503.0	2568143.0	4539523.0	28921774.0	37529727.0

