Sample	chr1	chr2	chr3	chr4	chr5	chr6	chr7	chr8	chr9	chr10	chr11	chr12	chr13	chr14	chr15	chr16	chr17	chr18	chr19	chr20	chr21	chr22	chrX	chrM	chr22_KI270733v1_random	chrUn_GL000220v1
C-215_1	1.0241606013335074	0.7592024341011945	0.6081558937820639	0.3327116750784399	0.6620516064120302	0.7768752701908819	0.7523116802786562	0.6023530753352333	0.7873472973784287	0.6084537283335659	1.2747851400314842	1.749335465928914	0.36516888605341813	0.5794995705889912	0.8924936908984259	1.6483373091280462	2.2400469835978716	0.30239225732503444	2.5419397077017893	1.4940742167288315	4.781830331680586	0.9534835628333307	0.5638930903253365	2879.7886560561033	591.2851278957235	644.5021143160175
C-215_2	1.005275024784464	0.7469837618289736	0.5861380416130788	0.32466434166506225	0.6428603167546632	0.757496142297612	0.7310270399078579	0.579823512646624	0.785272696139881	0.5845346493728463	1.2623375015924971	1.7304478290419856	0.35854786488850077	0.5586334940575768	0.8696914241973516	1.5973569615283083	2.198271626379178	0.29482571725917234	2.498205164858232	1.4637575386290438	5.319714184562334	0.9403028019554538	0.5451806486201503	3244.7300772465014	664.3751108959386	723.5780669333994
C-215_3	0.9128988684374474	0.6724993965279749	0.5216059779002752	0.2989208276502037	0.5720111343441374	0.6686176465505448	0.6471147255114033	0.5172508239895736	0.708621549524999	0.5111754142675159	1.099073135218171	1.485593631957018	0.3347260808726712	0.51187185776168	0.7697739133252294	1.425164693802141	1.9263755402464677	0.26584684409088505	2.11282363548952	1.277537021482406	8.066935671911812	0.8215052088097874	0.47906334926669747	4937.302333169405	1048.6104235227117	1144.0434804640272
C-354_1	0.965141271045527	0.7159772287810072	0.6115916359415234	0.28417773651960165	0.7041840425865027	1.0087287726381398	0.9025622114686402	0.7531693004061767	0.9940742821773503	0.6070855545194519	1.2584655054866987	1.3472388528602672	0.2435396720135279	0.6388001824833047	0.6452585286176692	1.076589249483551	2.6676992785899296	0.30830555630358414	2.3457550121202817	0.8500946620273311	5.804949496984737	1.0755250926075353	0.35357318474367805	2498.6923110864177	746.632792752993	814.1387227829963
C-354_2	0.9860453066768529	0.7762261946520497	0.650216406902781	0.31569000953837123	0.7419406792177152	1.0361276002284647	0.933040077778638	0.7812391292444396	1.0041681844233745	0.6252876337168403	1.2575662501024694	1.3796007001668302	0.26920190571959496	0.6737888684150166	0.6724721368544566	1.0253712943774993	2.569846574031189	0.3360625860879629	2.2136767317126056	0.8510330897980385	5.267609258639461	1.0239199747438068	0.36165467247506444	2645.611100120877	663.3765167315519	725.9994499972422
C-354_3	1.0067075290305836	0.7498408545250461	0.634070917648147	0.30171909842637507	0.7239940016236518	1.0257183735952462	0.9180245721088998	0.7593785769354938	1.0141353224997345	0.6127610318330837	1.2691079909813057	1.3851587983385771	0.25655890330197234	0.6628293421728009	0.6841222085941705	1.0643015618674836	2.6649550370188826	0.3232233824386486	2.299830164727675	0.8612177256077843	4.974976651527341	1.0671843906105236	0.3628257281595902	4178.165353164477	627.1170488438748	684.8927280808291
P29-215_1	0.9555230864743357	0.7145520484252825	0.5680082071543565	0.31439293456760864	0.6158488491220261	0.7166831842409102	0.6993188898613559	0.5689116358922927	0.7247965526127519	0.5711131977199643	1.1764437562489307	1.6033501476173744	0.34670106619766017	0.5413764947890736	0.8235909363176706	1.538991119993201	2.0490279708712054	0.285875471799591	2.300476364072919	1.3814333940153485	6.731110128342732	0.876878476550159	0.5229689189642097	2909.163548273227	866.2408780454241	945.5079771286513
P29-215_2	1.0137980713056214	0.7398505733095677	0.5801839794145788	0.32273499546218165	0.6338073914476509	0.7530770823433541	0.7213960294320217	0.5702675056703309	0.7818972404905962	0.5734688854280346	1.2370485937784124	1.6845746560784964	0.36597832905600974	0.5488935771792798	0.8556054624098679	1.5715197477451504	2.139699095209678	0.2898911705348781	2.4141828477969782	1.4280589982742558	5.188015128681621	0.9199636235586633	0.533115360356362	6158.661781039487	650.2473098702491	708.9932635499001
P29-215_3	0.9910769336451453	0.717265717088312	0.5600922142566224	0.31741112253350967	0.6108487657054751	0.7182128579527682	0.7005848470439481	0.5555931992164731	0.763754031401315	0.5567234996515718	1.2075165034699473	1.6029948291737288	0.3545028254748487	0.5315246500077798	0.8338742085057824	1.6056720195675067	2.120229590528892	0.283225219314171	2.341253703985665	1.4134535300415885	5.833083893445622	0.906083232523998	0.5191413116998018	6275.808270721291	738.284911042563	804.5497098960471
P29-354_1	0.9652255344093223	0.7219061222592859	0.6068855753664448	0.28214754798881064	0.7056749530413963	1.022821897391755	0.8957577752626272	0.7449953084827002	0.9930256649714163	0.6030272582651489	1.2721848505092577	1.3819415276959484	0.24327613795791686	0.634597384514042	0.6520411046042748	1.0398048872855308	2.6540685443418304	0.30874496836872034	2.327338950371753	0.8489159260387762	5.916381002988564	1.0564791476639794	0.3541861608996571	1919.7558095464067	758.0888728150622	829.3452698531969
P29-354_2	0.9566524739703707	0.7004186461633815	0.5937221332314443	0.27537248014692134	0.6800400855209604	0.9877095049550001	0.8689822784547578	0.7164887289547394	0.9715475547706598	0.5756263852261955	1.2435481451071009	1.3355619185449095	0.23848852110115115	0.6265684949161314	0.6365493877441986	1.0229591769044024	2.5768163683978953	0.29919563403353716	2.2844899010002813	0.8252953536100919	6.3767705877701495	1.0336413461702298	0.34374757309919624	3101.402345575321	827.6919608658164	902.4448669853105
P29-354_3	1.0194924527413847	0.7867495881771035	0.6531991103909649	0.3177732543341275	0.7502875693653938	1.054918911921145	0.9413082228038739	0.774813410287553	1.0422579593685597	0.6292196429479243	1.2861526471646907	1.4247411982172526	0.2694717081985241	0.6963472367663286	0.7062055190945317	1.0507913646321154	2.671089708092678	0.3390236869785632	2.2715560308345566	0.8678931722487392	4.5276803809891994	1.0573717735554329	0.3746756540967886	3280.3488176545347	569.2787643323126	622.0256290617203
Q2-215_1	0.9220442718926206	0.6450085350791493	0.5370358846279637	0.29089797696249464	0.5697143673795771	0.7447100981613497	0.6237196626186523	0.5494138844395585	0.6863012199340395	0.5633605263804836	1.0644973783388567	1.431908394554093	0.3466368528551458	0.4727509328101603	0.7703315580322592	1.435364421102026	1.7920107457538528	0.28790564494142123	2.108499807333393	1.242692887778885	8.475732877148033	0.7993933802869655	0.4698621566947879	3154.5552815914743	1123.3296338287366	1205.4036164320482
Q2-215_2	0.9827512550631671	0.7007721711564897	0.5632462435767357	0.3077548335549617	0.6113931340324305	0.7996834473275057	0.6833050110827535	0.57265170088528	0.7658346636731864	0.5681563024465217	1.1650456333478356	1.6253420935831038	0.37012171844635844	0.5030227654303114	0.8341788498378817	1.5080568831138397	1.9826188947769514	0.299891265190223	2.3702595733656566	1.3564025652620968	6.434216427574253	0.8678200582608937	0.5012589602978347	4009.5716918963744	827.2831507694597	901.9688299963857
Q2-215_3	0.9720894964475496	0.6722393512811462	0.5422925827363239	0.30051181805025734	0.5772861833899656	0.8007006654191159	0.6492778453459402	0.5569494816332634	0.7453507241934659	0.550593374228226	1.116499334228191	1.4870955676855555	0.3759406106250128	0.4710662993416122	0.7891736330498541	1.4515432334798608	1.8619175138104764	0.3007980247144103	2.2156048972791162	1.2916531085596372	7.093748600567497	0.8179636649376076	0.47888328834802935	6184.740214827868	921.9395989463053	1002.8631601362895
Q2-354_1	0.9451779978114062	0.6603709216361183	0.5812417937662945	0.2672475634273942	0.6947563950785702	1.1309329531809076	0.8332490601043558	0.7074658071035843	0.95438940283778	0.5571483241397861	1.1120134961058978	1.1431389945083255	0.2575305284210127	0.5514373024303048	0.5962594124629547	0.8936292098731743	2.2769390900525024	0.30825012160940995	2.1463671202330055	0.7402301745896351	7.56390838779832	0.9418569449358267	0.29936450972728973	3241.407675993209	990.0222170619828	1083.7931611231588
Q2-354_2	1.0262715150947441	0.6323049132312768	0.5806026447891455	0.27036388768100345	0.6753374111637416	1.333859605416093	0.8708054763588026	0.6751813798292479	1.0858605896574816	0.5121578985128554	1.1480414159914922	1.2539824545059293	0.27076392144196826	0.5606627480758506	0.6119353203945853	0.9070893847083441	2.4761283545372916	0.29356795106792705	2.487252750808833	0.736046841699833	5.7673139390007355	0.9590545849823209	0.3004669370922619	6208.032620953249	753.1203510981729	822.2762195221288
Q2-354_3	1.0450511980827089	0.7211305178109193	0.6383285210044123	0.2887904112642539	0.7234987696027313	1.1084223780994726	0.8922316451398417	0.8006775611796224	0.9789268225488158	0.6009250820207284	1.1893041648746985	1.176309723352632	0.28243184389207715	0.6092111706083512	0.6358421664176093	1.0358992835310998	2.4886317131353803	0.3372109062131375	2.271663227857131	0.8112446038343444	5.249416251111578	1.0364676207364514	0.3233459750613671	6360.012557589492	669.4935105170357	733.7817126479135
