Sample	total_reads	total_tags	total_assigned_tags	cds_exons_total_bases	cds_exons_tag_count	cds_exons_tags_kb	5_utr_exons_total_bases	5_utr_exons_tag_count	5_utr_exons_tags_kb	3_utr_exons_total_bases	3_utr_exons_tag_count	3_utr_exons_tags_kb	introns_total_bases	introns_tag_count	introns_tags_kb	tss_up_1kb_total_bases	tss_up_1kb_tag_count	tss_up_1kb_tags_kb	tss_up_5kb_tags_kb	tss_up_10kb_tags_kb	tes_down_1kb_total_bases	tes_down_1kb_tag_count	tes_down_1kb_tags_kb	tes_down_5kb_tags_kb	tes_down_10kb_tags_kb	other_intergenic_tag_count	cds_exons_tag_pct	5_utr_exons_tag_pct	3_utr_exons_tag_pct	introns_tag_pct	tss_up_1kb_tag_pct	tss_up_5kb_tag_pct	tss_up_10kb_tag_pct	tes_down_1kb_tag_pct	tes_down_5kb_tag_pct	tes_down_10kb_tag_pct	other_intergenic_tag_pct	tss_up_5kb-10kb_total_bases	tss_up_1kb-5kb_total_bases	tss_up_5kb-10kb_tag_count	tss_up_1kb-5kb_tag_count	tes_down_5kb-10kb_total_bases	tes_down_1kb-5kb_total_bases	tes_down_5kb-10kb_tag_count	tes_down_1kb-5kb_tag_count
C-215_1	16922357	21925725	21168194	89244963	17442713	195.45	0	0	0.0	0	0	0.0	1305291099	3113458	2.39	22119018	69310	3.13	1.5	1.12	23731890	118058	4.97	3.11	2.26	757531	79.55364303802953	0.0	0.0	14.200023032305658	0.31611269410703635	0.68329325484106	0.9309338687774292	0.5384451369338984	1.4460456837801259	1.8604128255736128	3.4549872353137694	82399615	77480840	54297	80507	78695974	78163896	90853	198998
C-215_2	15021601	19820003	19178694	89244963	16468232	184.53	0	0	0.0	0	0	0.0	1305291099	2226011	1.71	22119018	60970	2.76	1.24	0.91	23731890	96312	4.06	2.46	1.76	641309	83.08894806928132	0.0	0.0	11.231133516982817	0.3076185205421008	0.6218465254520901	0.8363419521177671	0.4859333270534823	1.2661753885708291	1.6079109574302284	3.2356655041878652	82399615	77480840	42513	62280	78695974	78163896	67732	154644
C-215_3	16315026	20708309	19909094	89244963	15069077	168.85	0	0	0.0	0	0	0.0	1305291099	4248896	3.26	22119018	63182	2.86	1.48	1.13	23731890	108529	4.57	2.9	2.13	799215	72.76826417840297	0.0	0.0	20.517831755359648	0.305104583865346	0.7117915808577127	0.9949532817962105	0.5240843180387158	1.4252395016898771	1.8595579194805332	3.85939286496063	82399615	77480840	58638	84218	78695974	78163896	89940	186614
C-354_1	16078972	20742910	20055954	89244963	16231628	181.88	0	0	0.0	0	0	0.0	1305291099	3326003	2.55	22119018	51752	2.34	1.12	0.87	23731890	96410	4.06	2.59	1.89	686956	78.25145073666134	0.0	0.0	16.034408865487052	0.2494924771885912	0.5354407843451088	0.7604622495107967	0.46478531700711234	1.2741558440932348	1.6419152375438162	3.3117629107969906	82399615	77480840	46676	59314	78695974	78163896	76284	167887
C-354_2	15714824	20341709	19668442	89244963	16349421	183.2	0	0	0.0	0	0	0.0	1305291099	2821381	2.16	22119018	45821	2.07	1.01	0.79	23731890	104215	4.39	2.74	1.96	673267	80.37388107361087	0.0	0.0	13.869930987607775	0.22525639315752674	0.49427017169501347	0.7048277015466105	0.5123217523168776	1.3704699049622624	1.7415744173707333	3.3097858198640044	82399615	77480840	42831	54722	78695974	78163896	75489	174562
C-354_3	15734556	20356894	19685191	89244963	16062082	179.98	0	0	0.0	0	0	0.0	1305291099	3137917	2.4	22119018	49436	2.23	1.08	0.84	23731890	95411	4.02	2.53	1.84	671703	78.9024199860745	0.0	0.0	15.414517558523416	0.2428464774636052	0.5279783841287379	0.7507628619572317	0.46869134358119663	1.2688330547872382	1.632665572655632	3.2996340207892225	82399615	77480840	45352	58044	78695974	78163896	74065	162884
P29-215_1	16956446	21810394	21009595	89244963	16887812	189.23	0	0	0.0	0	0	0.0	1305291099	3496609	2.68	22119018	66744	3.02	1.5	1.14	23731890	117994	4.97	3.16	2.32	800799	77.43010969907283	0.0	0.0	16.031847017527515	0.3060192310143503	0.6866588471533344	0.9492950929726441	0.5409989383960694	1.476777540103127	1.9171088793719178	3.671639311055087	82399615	77480840	57282	83019	78695974	78163896	96038	204097
P29-215_2	14093098	18531442	17940141	89244963	15250001	170.88	0	0	0.0	0	0	0.0	1305291099	2232805	1.71	22119018	55402	2.5	1.17	0.86	23731890	90148	3.8	2.31	1.66	591301	82.29257604454094	0.0	0.0	12.048738570910995	0.29896216387262253	0.6263462929652209	0.8477591759993637	0.4864597153313811	1.2679099662077027	1.6201275648165967	3.1907986437320957	82399615	77480840	41031	60669	78695974	78163896	65271	144814
P29-215_3	16039303	20603429	19847469	89244963	15672121	175.61	0	0	0.0	0	0	0.0	1305291099	3596429	2.76	22119018	65414	2.96	1.5	1.14	23731890	104304	4.4	2.78	2.06	755960	76.06559568312635	0.0	0.0	17.455487627811856	0.3174908409663265	0.7264082109827447	1.0055850412084317	0.5062458292743407	1.3769989451755822	1.8042336545047917	3.6690979933485828	82399615	77480840	57520	84251	78695974	78163896	88025	179405
P29-354_1	15064151	19816876	19212343	89244963	16436417	184.17	0	0	0.0	0	0	0.0	1305291099	2334509	1.79	22119018	47523	2.15	0.97	0.75	23731890	90426	3.81	2.36	1.69	604533	82.94151409132297	0.0	0.0	11.780408778861007	0.23981075523710196	0.4897946578461711	0.6843611475390975	0.4563080477467791	1.2157970812352057	1.5431191071690613	3.0505968751078627	82399615	77480840	38557	49539	78695974	78163896	64865	150507
P29-354_2	13975835	18320820	17752099	89244963	15024127	168.35	0	0	0.0	0	0	0.0	1305291099	2319910	1.78	22119018	43430	1.96	0.9	0.7	23731890	82663	3.48	2.17	1.56	568721	82.00575629256768	0.0	0.0	12.662697412015401	0.2370527083394739	0.490933266087435	0.6912954769491758	0.45119705340699817	1.2052681048119025	1.536017492666813	3.1042333258009194	82399615	77480840	36708	46513	78695974	78163896	60596	138152
P29-354_3	11309964	14852525	14388914	89244963	12125003	135.86	0	0	0.0	0	0	0.0	1305291099	1951353	1.49	22119018	29618	1.34	0.66	0.52	23731890	63514	2.68	1.67	1.2	463611	81.63597098809798	0.0	0.0	13.138190307708623	0.1994139043697957	0.4443688867717779	0.6404769559384684	0.42763099203670757	1.1456839830264551	1.4639329002980974	3.1214288479568286	82399615	77480840	29127	36382	78695974	78163896	47268	106649
Q2-215_1	14567907	18751190	17852547	89244963	14174550	158.83	0	0	0.0	0	0	0.0	1305291099	3142246	2.41	22119018	55154	2.49	1.3	1.03	23731890	87473	3.69	2.48	1.93	898643	75.59280237680916	0.0	0.0	16.757581785476013	0.2941359988352739	0.6911401356393915	1.0017124246514488	0.4664930599071312	1.3472531609993819	1.8554449077631874	4.792458505300197	82399615	77480840	58236	74443	78695974	78163896	95292	165153
Q2-215_2	13881042	18298953	17712448	89244963	14964880	167.68	0	0	0.0	0	0	0.0	1305291099	2331058	1.79	22119018	50623	2.29	1.05	0.79	23731890	79044	3.33	2.05	1.51	586505	81.77997943379603	0.0	0.0	12.738750681528064	0.2766442429793661	0.5726229254755723	0.7837770827653363	0.4319591399573517	1.1410488895184332	1.4923640713214577	3.205128730589122	82399615	77480840	38639	54161	78695974	78163896	64287	129756
Q2-215_3	14594268	19072542	18349985	89244963	15132466	169.56	0	0	0.0	0	0	0.0	1305291099	2744344	2.1	22119018	51768	2.34	1.15	0.89	23731890	84081	3.54	2.27	1.72	722557	79.34163154549614	0.0	0.0	14.388978668915763	0.27142685018074675	0.6017341579323826	0.852555469533112	0.4408484196810262	1.2104993660519925	1.6283671049197324	3.788467211135254	82399615	77480840	47838	62998	78695974	78163896	79698	146792
Q2-354_1	13472991	17741578	17141618	89244963	14632450	163.96	0	0	0.0	0	0	0.0	1305291099	2132681	1.63	22119018	40441	1.83	0.85	0.67	23731890	73154	3.08	1.92	1.41	599960	82.47547089666996	0.0	0.0	12.020807844713701	0.22794477469816948	0.4777027161845468	0.6872613022359116	0.4123308535463982	1.1003756261139792	1.4347990917155171	3.3816608646649127	82399615	77480840	37179	44311	78695974	78163896	59332	122070
Q2-354_2	6617509	9025374	8760215	89244963	7999551	89.64	0	0	0.0	0	0	0.0	1305291099	631317	0.48	22119018	18496	0.84	0.35	0.27	23731890	25342	1.07	0.61	0.44	265159	88.63401117781933	0.0	0.0	6.994912343798716	0.20493333572658595	0.3891805480858743	0.5516336497523537	0.2807861480310954	0.6831074257975348	0.8815147161768587	2.937928112452736	82399615	77480840	14662	16629	78695974	78163896	17907	36311
Q2-354_3	16227214	20373979	19490130	89244963	14439095	161.79	0	0	0.0	0	0	0.0	1305291099	4526655	3.47	22119018	47096	2.13	1.16	0.95	23731890	90660	3.82	2.53	1.94	883849	70.87027526630905	0.0	0.0	22.217825001193926	0.23115759567632813	0.5663007702128288	0.852430445717059	0.44497935332121424	1.2672831360040178	1.721342698939662	4.3381265878403035	82399615	77480840	58296	68282	78695974	78163896	92510	167536
